[-1]
[-1]
[-1]
[-1]
[-1]
[-1]
[-1]
[-1]
[-1]
[-1]
[-1]
[-1]
[-1]
[-1]
[-1]
[-1]
[-1]
[1235795]
[134976]
[-1]
[-1]
[-1]
[-1]
[-1]
[-1]
[-1]
[-1]
[-1]
[-1]
[-1]
[-1]
[-1]
[-1]
[-1]
[-1]
[-1]
[-1]
[3578]
[-1]
[-1]
[-1]
[-1]
[-1]
[-1]
[-1]
[-1]
[-1]
[-1]
[-1]
[-1]
[-1]
[-1]
[-1]
[-1]
[-1]
[-1]
[-1]
[-1]
[-1]
[-1]
[-1]
[-1]
[-1]
[-1]
[-1]
[-1]
[-1]
[-1]
[-1]
[-1]
[-1]
[-1]
[-1]
[-1]
[-1]
[-1]
[-1]
[-1]
[-1]
[-1]
[-1]
[-1]
[-1]
[-1]
[-1]
[-1]
[-1]
[-1]
[-1]
[-1]
[-1]
[-1]
[-1]
[-1]
[-1]
[-1]
[-1]
[-1]
[-1]
[-1]
# Formato: cada línea representa una fila de la tabla hash
# [valor1, valor2, ...] para múltiples valores en la misma posición
# [-1] para posiciones vacías
